> 2FLGA
#	AA	SA	B	b	e	E
1	N	E	0.0016	0.0087	0.0391	0.9507
2	I	E	0.0203	0.1533	0.2422	0.5842
3	S	E	0.0159	0.1139	0.3364	0.5338
4	Q	E	0.0189	0.119	0.2835	0.5787
5	H	E	0.0413	0.2179	0.3074	0.4334
6	Q	E	0.0158	0.1307	0.372	0.4815
7	C	b	0.2555	0.3881	0.2364	0.12
8	V	E	0.1222	0.224	0.2655	0.3883
9	K	E	0.0125	0.1068	0.3261	0.5546
10	K	E	0.0111	0.0924	0.2714	0.6251
11	Q	E	0.015	0.1396	0.3109	0.5344
12	C	b	0.2591	0.5506	0.1486	0.0417
13	P	E	0.0204	0.1157	0.2807	0.5833
14	Q	E	0.0055	0.0474	0.1876	0.7595
15	N	E	0.0361	0.153	0.2292	0.5819
16	S	E	0.0407	0.2021	0.3032	0.454
17	G	e	0.0789	0.2323	0.345	0.3438
18	C	b	0.2298	0.3787	0.2595	0.132
19	F	b	0.1851	0.3359	0.2181	0.2608
20	R	E	0.0128	0.0949	0.2887	0.6036
21	H	E	0.0316	0.1728	0.2988	0.4969
22	L	b	0.134	0.3548	0.2491	0.2621
23	D	E	0.0221	0.1316	0.3431	0.5032
24	E	E	0.0189	0.1128	0.2974	0.5709
25	R	E	0.0167	0.117	0.3096	0.5567
26	E	E	0.0197	0.1263	0.3304	0.5237
27	E	e	0.0596	0.2273	0.3587	0.3544
28	C	b	0.3754	0.4086	0.154	0.0619
29	K	E	0.0194	0.1377	0.3818	0.4611
30	C	b	0.2193	0.3142	0.3046	0.162
31	L	e	0.1528	0.294	0.311	0.2421
32	L	e	0.164	0.2621	0.295	0.279
33	N	E	0.0328	0.1765	0.3619	0.4288
34	Y	b	0.1038	0.3848	0.2695	0.2419
35	K	E	0.0241	0.1726	0.392	0.4113
36	Q	E	0.0196	0.1252	0.3132	0.542
37	E	E	0.01	0.0708	0.2434	0.6758
38	G	E	0.066	0.1556	0.2483	0.5301
39	D	E	0.0321	0.1852	0.3476	0.435
40	K	E	0.012	0.0977	0.3216	0.5687
41	C	b	0.2369	0.4275	0.2326	0.103
42	V	E	0.0718	0.2362	0.3254	0.3667
43	E	E	0.0186	0.0987	0.2684	0.6145
44	N	E	0.0349	0.1765	0.2806	0.5079
45	P	E	0.0315	0.1532	0.2349	0.5804
46	N	E	0.01	0.0763	0.2214	0.6924
47	P	E	0.0126	0.0749	0.1657	0.7468
48	T	E	0.0024	0.0118	0.0344	0.9515


