> 2FLGA
#	AA	CD	N	n	c	C
1	N	N	0.5481	0.2047	0.1676	0.0796
2	I	N	0.3914	0.1851	0.2402	0.1833
3	S	N	0.3635	0.1711	0.2489	0.2166
4	Q	N	0.3094	0.1453	0.2539	0.2914
5	H	C	0.2698	0.1266	0.2655	0.3381
6	Q	C	0.2296	0.1216	0.2709	0.3778
7	C	C	0.2116	0.0895	0.2135	0.4855
8	V	C	0.1817	0.0695	0.1961	0.5527
9	K	C	0.1856	0.0891	0.2476	0.4777
10	K	C	0.1774	0.1158	0.3044	0.4023
11	Q	C	0.1686	0.0956	0.2812	0.4546
12	C	C	0.1467	0.069	0.1952	0.5892
13	P	C	0.1806	0.104	0.2529	0.4624
14	Q	C	0.1882	0.1316	0.3073	0.3729
15	N	C	0.1797	0.0946	0.263	0.4627
16	S	C	0.163	0.0815	0.224	0.5315
17	G	C	0.1413	0.0774	0.2184	0.563
18	C	C	0.114	0.0461	0.1532	0.6867
19	F	C	0.1127	0.0485	0.1714	0.6675
20	R	C	0.1114	0.0818	0.2762	0.5305
21	H	C	0.1155	0.0733	0.2514	0.5597
22	L	C	0.0986	0.0596	0.2017	0.6402
23	D	C	0.135	0.1012	0.2698	0.494
24	E	C	0.1636	0.1215	0.2858	0.429
25	R	C	0.1481	0.0985	0.2546	0.4988
26	E	C	0.1352	0.1058	0.2707	0.4883
27	E	C	0.1091	0.071	0.2238	0.5962
28	C	C	0.0855	0.0388	0.1435	0.7322
29	K	C	0.0876	0.0476	0.1731	0.6917
30	C	C	0.0948	0.0495	0.1824	0.6733
31	L	C	0.1078	0.0462	0.1825	0.6635
32	L	C	0.106	0.0552	0.2184	0.6204
33	N	C	0.1228	0.0754	0.2549	0.547
34	Y	C	0.1294	0.0651	0.2275	0.5781
35	K	C	0.144	0.0847	0.2653	0.506
36	Q	C	0.1875	0.1422	0.3229	0.3474
37	E	C	0.2317	0.1453	0.3058	0.3172
38	G	C	0.2405	0.1198	0.2659	0.3737
39	D	C	0.2058	0.1115	0.2709	0.4118
40	K	C	0.211	0.1034	0.2532	0.4323
41	C	C	0.227	0.0766	0.1922	0.5042
42	V	C	0.2564	0.0888	0.2168	0.438
43	E	C	0.2752	0.1286	0.2707	0.3255
44	N	C	0.2809	0.1282	0.2619	0.329
45	P	N	0.3454	0.1533	0.2458	0.2554
46	N	N	0.3996	0.1994	0.2368	0.1642
47	P	N	0.4304	0.2128	0.2171	0.1398
48	T	N	0.5867	0.1923	0.1498	0.0712


