> 2FLGA
#	AA	TA	b	h	H	I	C	e	E	S	t	g	T	B	s	i
1	N	h	0.0228	0.1769	0.091	0.0547	0.1043	0.1717	0.107	0.0482	0.029	0.0225	0.0226	0.0876	0.0474	0.0144
2	I	b	0.2414	0.0228	0.1839	0.0151	0.0102	0.0393	0.1514	0.0551	0.0181	0.0908	0.0278	0.0538	0.0445	0.0458
3	S	h	0.0168	0.2339	0.147	0.0365	0.0173	0.0523	0.1741	0.0328	0.0598	0.0488	0.0528	0.06	0.0554	0.0124
4	Q	H	0.0386	0.0215	0.3189	0.0169	0.0135	0.023	0.2016	0.0323	0.0134	0.0721	0.0772	0.0964	0.0418	0.0328
5	H	H	0.012	0.0593	0.3081	0.0262	0.0255	0.0605	0.2365	0.0255	0.0182	0.0355	0.0546	0.0931	0.0352	0.01
6	Q	H	0.0405	0.0181	0.3435	0.0158	0.0168	0.0557	0.2821	0.0416	0.0056	0.0225	0.0354	0.0745	0.0285	0.0194
7	C	H	0.0281	0.0483	0.3279	0.0121	0.0134	0.0837	0.2843	0.0472	0.014	0.0286	0.0138	0.0481	0.0418	0.0089
8	V	H	0.0357	0.0233	0.3301	0.0165	0.0089	0.0606	0.2779	0.0583	0.0138	0.0519	0.0221	0.0432	0.0472	0.0104
9	K	g	0.0053	0.0037	0.0286	0.0039	0.0028	0.0116	0.2966	0.0659	0.0413	0.3539	0.0569	0.0633	0.0593	0.0068
10	K	I	0.0065	0.0106	0.024	0.2535	0.0542	0.169	0.1831	0.0074	0.0072	0.0315	0.1373	0.0667	0.0446	0.0044
11	Q	i	0.1701	0.0071	0.0244	0.0105	0.0915	0.1069	0.1403	0.056	0.0029	0.0215	0.0173	0.1118	0.0075	0.232
12	C	h	0.1202	0.2468	0.0185	0.0138	0.0095	0.1567	0.095	0.0903	0.1633	0.0101	0.0033	0.0081	0.0601	0.0041
13	P	H	0.0576	0.0608	0.1439	0.115	0.0243	0.0747	0.0487	0.0954	0.071	0.1209	0.0709	0.0389	0.0494	0.0285
14	Q	H	0.058	0.0557	0.1289	0.0897	0.0463	0.0505	0.0452	0.0415	0.0376	0.0745	0.0921	0.0773	0.0941	0.1087
15	N	B	0.0407	0.0909	0.1056	0.0289	0.0362	0.0274	0.0873	0.0605	0.0678	0.0957	0.0704	0.1586	0.0634	0.0668
16	S	E	0.0284	0.0581	0.1214	0.0356	0.0226	0.039	0.1902	0.033	0.047	0.0774	0.1058	0.1227	0.095	0.0241
17	G	E	0.0341	0.0363	0.1508	0.0424	0.0327	0.055	0.2563	0.0256	0.0145	0.0333	0.0722	0.173	0.0398	0.0339
18	C	E	0.0297	0.0482	0.1618	0.0124	0.0199	0.0624	0.3609	0.0721	0.0185	0.0414	0.03	0.0919	0.0295	0.0212
19	F	E	0.0314	0.026	0.1206	0.0413	0.0276	0.2103	0.2407	0.0494	0.0369	0.1007	0.02	0.035	0.0519	0.0081
20	R	E	0.144	0.0284	0.1178	0.034	0.0134	0.0732	0.2092	0.064	0.0116	0.0275	0.1113	0.0516	0.0509	0.0631
21	H	e	0.0369	0.1878	0.1122	0.0395	0.1424	0.2484	0.0351	0.048	0.046	0.026	0.0076	0.0272	0.0187	0.0241
22	L	b	0.3588	0.0399	0.1795	0.0435	0.0116	0.0463	0.0252	0.0259	0.0312	0.0941	0.0311	0.0142	0.0308	0.0677
23	D	h	0.0309	0.3069	0.1693	0.0812	0.0271	0.0318	0.0135	0.0209	0.1107	0.0568	0.036	0.0317	0.0228	0.0604
24	E	H	0.041	0.0634	0.3979	0.0328	0.0131	0.0128	0.0378	0.0224	0.0238	0.0897	0.1223	0.0421	0.0325	0.0686
25	R	H	0.009	0.0799	0.4598	0.0111	0.0111	0.0069	0.0606	0.0212	0.035	0.053	0.078	0.1175	0.0416	0.0155
26	E	H	0.0087	0.0183	0.5224	0.0433	0.0385	0.0594	0.1215	0.0089	0.0051	0.021	0.0464	0.0757	0.0231	0.0077
27	E	H	0.027	0.013	0.5529	0.0044	0.0047	0.0111	0.1723	0.0619	0.0039	0.0332	0.0194	0.0663	0.0122	0.0177
28	C	H	0.0086	0.0353	0.5593	0.0163	0.0088	0.0667	0.1764	0.0076	0.0069	0.0136	0.019	0.0217	0.0572	0.0027
29	K	H	0.0303	0.0089	0.5658	0.0066	0.0073	0.02	0.1779	0.0321	0.0032	0.0348	0.0147	0.0745	0.0082	0.0154
30	C	H	0.0121	0.0321	0.5443	0.0091	0.0028	0.0257	0.2232	0.0172	0.0088	0.0392	0.0243	0.0165	0.041	0.0035
31	L	H	0.0086	0.0092	0.4516	0.0235	0.0181	0.0547	0.1825	0.0213	0.0108	0.1215	0.0254	0.053	0.0148	0.005
32	L	H	0.0482	0.0077	0.3673	0.043	0.01	0.0561	0.1739	0.0249	0.0073	0.089	0.1019	0.0274	0.025	0.0183
33	N	H	0.0231	0.0455	0.334	0.0291	0.0225	0.0414	0.1748	0.0483	0.0218	0.0534	0.0545	0.1012	0.0297	0.0205
34	Y	H	0.0403	0.0293	0.3259	0.0279	0.0227	0.0772	0.1966	0.0291	0.0161	0.0516	0.0528	0.0611	0.0515	0.0179
35	K	H	0.0716	0.0374	0.2687	0.0471	0.0767	0.2361	0.0519	0.0307	0.0249	0.0627	0.0133	0.0296	0.0206	0.0287
36	Q	H	0.1698	0.0457	0.188	0.05	0.0152	0.0593	0.0393	0.1313	0.054	0.1277	0.0361	0.0218	0.024	0.0378
37	E	s	0.0287	0.0575	0.1158	0.0401	0.013	0.0214	0.0412	0.0412	0.1488	0.1214	0.1168	0.0519	0.1661	0.0359
38	G	B	0.0163	0.0291	0.0943	0.0339	0.035	0.0143	0.0713	0.0258	0.0379	0.0795	0.1862	0.2467	0.0936	0.0362
39	D	E	0.0134	0.0269	0.0802	0.0357	0.063	0.0647	0.2403	0.0372	0.0237	0.0477	0.0774	0.2321	0.0405	0.0169
40	K	E	0.0507	0.0176	0.0762	0.0215	0.0199	0.0657	0.4076	0.0724	0.0111	0.032	0.0466	0.1022	0.0492	0.0273
41	C	E	0.0203	0.015	0.0235	0.0117	0.0208	0.0957	0.3941	0.0653	0.0567	0.0975	0.0268	0.0788	0.0829	0.0109
42	V	e	0.0255	0.0152	0.0139	0.092	0.0436	0.235	0.2258	0.0897	0.0279	0.0478	0.0577	0.0607	0.0555	0.0097
43	E	E	0.0642	0.0093	0.0074	0.006	0.0106	0.0241	0.2464	0.2266	0.0235	0.0426	0.0585	0.1104	0.1224	0.048
44	N	E	0.0142	0.0649	0.0056	0.0413	0.0665	0.1735	0.2298	0.0197	0.0766	0.0153	0.0315	0.0858	0.1704	0.0047
45	P	e	0.2001	0.0189	0.0253	0.0761	0.2066	0.336	0.0007	0.0004	0.0002	0.0002	0.0003	0.0008	0.0092	0.1253
46	N	b	0.5769	0.3061	0.0509	0.0001	0.0001	0.0003	0.0001	0.0001	0.0001	0.0001	0.0001	0.0001	0.0003	0.0652
47	P	h	0.0003	0.6498	0.3492	0.0001	0.0001	0.0002	0.0002	0.0001	0.0001	0.0001	0.0001	0.0001	0.0001	0.0001
48	T	H	0.0002	0.0003	0.9993	0.0001	0.0001	0.0001	0.0001	0.0001	0.0001	0.0001	0.0001	0.0001	0.0001	0.0002


